# eigen,functions,tables,slotwidth,images,index_size
false,1,1,10,10,30
false,10,10,10,10,30
false,100,100,10,10,30
false,1000,1000,10,10,30
false,10000,10000,10,10,30
false,10,10,10,100,30
false,100,100,10,1000,30
false,1000,1000,10,10000,30
false,10000,10000,10,10000,30
false,10,10,1000,100,30
false,100,100,10000,1000,30
false,1000,1000,100000,10000,30
false,10000,10000,1000000,10000,30
false,1,1,10,10,300
false,10,10,10,10,300
false,100,100,10,10,300
false,1000,1000,10,10,300
false,10000,10000,10,10,300
false,10,10,10,100,300
false,100,100,10,1000,300
false,1000,1000,10,10000,300
false,10000,10000,10,10000,300
false,10,10,1000,100,300
false,100,100,10000,1000,300
false,1000,1000,100000,10000,300
false,10000,10000,1000000,10000,300
false,1,1,10,10,3000
false,10,10,10,10,3000
false,100,100,10,10,3000
false,1000,1000,10,10,3000
false,10000,10000,10,10,3000
false,10,10,10,100,3000
false,100,100,10,1000,3000
false,1000,1000,10,10000,3000
false,10000,10000,10,10000,3000
false,10,10,1000,100,3000
false,100,100,10000,1000,3000
false,1000,1000,100000,10000,3000
false,10000,10000,1000000,10000,3000
false,1,1,10,10,30000
false,10,10,10,10,30000
false,100,100,10,10,30000
false,1000,1000,10,10,30000
false,10000,10000,10,10,30000
false,10,10,10,100,30000
false,100,100,10,1000,30000
false,1000,1000,10,10000,30000
false,10000,10000,10,10000,30000
false,10,10,1000,100,30000
false,100,100,10000,1000,30000
false,1000,1000,100000,10000,30000
false,10000,10000,1000000,10000,30000
true,1,1,10,10,30
true,10,10,10,10,30
true,100,100,10,10,30
true,1000,1000,10,10,30
true,10000,10000,10,10,30
true,10,10,10,100,30
true,100,100,10,1000,30
true,1000,1000,10,10000,30
true,10000,10000,10,10000,30
true,10,10,1000,100,30
true,100,100,10000,1000,30
true,1000,1000,100000,10000,30
true,10000,10000,1000000,10000,30
true,1,1,10,10,300
true,10,10,10,10,300
true,100,100,10,10,300
true,1000,1000,10,10,300
true,10000,10000,10,10,300
true,10,10,10,100,300
true,100,100,10,1000,300
true,1000,1000,10,10000,300
true,10000,10000,10,10000,300
true,10,10,1000,100,300
true,100,100,10000,1000,300
true,1000,1000,100000,10000,300
true,10000,10000,1000000,10000,300
true,1,1,10,10,3000
true,10,10,10,10,3000
true,100,100,10,10,3000
true,1000,1000,10,10,3000
true,10000,10000,10,10,3000
true,10,10,10,100,3000
true,100,100,10,1000,3000
true,1000,1000,10,10000,3000
true,10000,10000,10,10000,3000
true,10,10,1000,100,3000
true,100,100,10000,1000,3000
true,1000,1000,100000,10000,3000
true,10000,10000,1000000,10000,3000
true,1,1,10,10,30000
true,10,10,10,10,30000
true,100,100,10,10,30000
true,1000,1000,10,10,30000
true,10000,10000,10,10,30000
true,10,10,10,100,30000
true,100,100,10,1000,30000
true,1000,1000,10,10000,30000
true,10000,10000,10,10000,30000
true,10,10,1000,100,30000
true,100,100,10000,1000,30000
true,1000,1000,100000,10000,30000
true,10000,10000,1000000,10000,30000